9.00629
9.00623
9.95856
9.95856
11.0059
11.0059
12.1634
12.1634
13.4427
13.4427
14.8564
14.8564
16.4189
16.4189
18.1457
18.1457
20.0541
20.0541
22.1632
22.1632
24.4771
24.4772
9.96041
8.15489
11.0193
9.0218
12.1782
9.97066
13.459
11.0193
14.8745
12.1782
16.4388
13.459
18.1677
14.8745
20.0784
16.4388
22.1901
18.1677
24.5238
20.0784
27.0654
22.1593
11.008
7.37885
12.1781
8.16326
13.459
9.02181
14.8745
9.97065
16.4388
11.0193
18.1677
12.1782
20.0784
13.459
22.1901
14.8745
24.5238
16.4388
27.1029
18.1676
29.9119
20.0506
12.1657
6.67666
13.4589
7.38642
14.8745
8.16328
16.4388
9.02182
18.1677
9.97065
20.0784
11.0193
22.1901
12.1782
24.5238
13.459
27.103
14.8745
29.9534
16.4388
33.0577
18.1425
13.4452
6.04129
14.8744
6.68351
16.4388
7.38644
18.1677
8.16328
20.0784
9.02182
22.1901
9.97065
24.5238
11.0193
27.103
12.1782
29.9535
13.459
33.1036
14.8744
36.5345
16.416
14.8592
5.46638
16.4388
6.04749
18.1677
6.68352
20.0784
7.38644
22.1901
8.16328
24.5238
9.02182
27.103
9.97065
29.9535
11.0193
33.1037
12.1782
36.5851
13.4589
40.3768
14.8538
16.4219
4.94619
18.1677
5.472
20.0784
6.0475
22.1901
6.68353
24.5238
7.38644
27.103
8.16328
29.9535
9.02182
33.1037
9.97065
36.5853
11.0193
40.4328
12.1781
44.6233
13.4403
18.1491
4.4755
20.0784
4.95127
22.1901
5.47201
24.5238
6.0475
27.103
6.68353
29.9535
7.38644
33.1037
8.16328
36.5853
9.02182
40.433
9.97065
44.6852
11.0192
49.3164
12.1613
20.0578
4.0496
22.19
4.48009
24.5238
4.95128
27.103
5.47201
29.9535
6.0475
33.1037
6.68353
36.5853
7.38644
40.433
8.16328
44.6853
9.02182
49.3848
9.97061
54.503
11.004
22.1673
3.66423
24.5238
4.05376
27.1031
4.4801
29.9535
4.95128
33.1037
5.47201
36.5853
6.04751
40.433
6.68353
44.6854
7.38644
49.385
8.16328
54.5787
9.02179
60.2351
9.95681
24.4815
3.31323
27.0702
3.66355
29.9172
4.04886
33.0636
4.47468
36.541
4.94528
40.384
5.46538
44.6312
6.04018
49.3252
6.67544
54.5127
7.3775
60.2458
8.15339
66.536
9.00462
9.11793
8.9172
10.0872
9.8652
11.1481
10.9028
12.3205
12.0494
13.6163
13.3167
15.0483
14.7172
16.6309
16.265
18.38
17.9756
20.3131
19.8661
22.4493
21.9554
24.7758
24.231
10.0909
8.07994
11.1751
8.94806
12.3509
9.88935
13.6503
10.9296
15.0865
12.0793
16.6737
13.35
18.4279
14.7543
20.3667
16.3065
22.5094
18.0219
24.8776
19.9178
27.4147
21.9502
11.1522
7.31104
12.3499
8.09637
13.6491
8.948
15.0844
9.88896
16.6706
10.9288
18.4236
12.078
20.3608
13.348
22.5017
14.7515
24.8675
16.3024
27.4814
18.0158
30.2919
19.8582
12.325
6.6153
13.6485
7.32578
15.0847
8.09648
16.6711
8.94794
18.4243
9.88895
20.3619
10.9289
22.5034
12.0783
24.87
13.3485
27.4855
14.7523
30.376
16.3037
33.4808
17.9703
13.6213
5.98577
15.0837
6.62857
16.6712
7.32602
18.4245
8.09649
20.3622
8.94797
22.5036
9.88901
24.8703
10.929
27.4859
12.0784
30.3766
13.3486
33.571
14.7524
37.0021
16.2602
15.0538
5.41615
16.67
5.99772
18.4245
6.62886
20.3622
7.32601
22.5037
8.09647
24.8704
8.94796
27.486
9.88901
30.3767
10.929
33.5715
12.0784
37.1019
13.3486
40.8938
14.7129
16.6371
4.90073
18.4231
5.42691
20.3622
5.99805
22.5037
6.62886
24.8704
7.32601
27.4861
8.09648
30.3768
8.94799
33.5715
9.88905
37.1023
10.9291
41.0041
12.0784
45.1947
13.3128
18.3868
4.43437
20.3607
4.91044
22.5038
5.42726
24.8705
5.99804
27.4861
6.62886
30.3768
7.32602
33.5715
8.0965
37.1023
8.94801
41.0043
9.88909
45.3165
10.9291
49.9479
12.046
20.3205
4.01238
22.5021
4.44311
24.8705
4.91079
27.4861
5.42726
30.3768
5.99805
33.5715
6.62887
37.1022
7.32604
41.0043
8.09653
45.3167
8.94805
50.0824
9.88906
55.2009
10.8997
22.4577
3.63055
24.8687
4.02027
27.4861
4.44347
30.3768
4.91079
33.5715
5.42727
37.1021
5.99807
41.0041
6.6289
45.3165
7.32608
50.0824
8.09659
55.3492
8.94807
61.0061
9.86248
24.7848
3.2805
27.4188
3.62903
30.3034
4.01089
33.4904
4.43272
37.0125
4.89892
40.9051
5.41415
45.207
5.98357
49.9614
6.61289
55.2158
7.30839
61.0225
8.07703
67.3502
8.91438
9.23432
8.83097
10.2159
9.7698
11.2904
10.7973
12.4778
11.9329
13.7901
13.1879
15.2404
14.5749
16.8432
16.1077
18.6146
17.8018
20.5724
19.674
22.7359
21.7431
25.0921
23.9967
10.2197
8.00181
11.3172
8.86137
12.5078
9.79348
13.823
10.8234
15.2764
11.9616
16.8826
13.2195
18.6577
14.6095
20.6193
16.1457
22.7871
17.8433
25.1821
19.7189
27.7583
21.735
11.2945
7.24035
12.5056
8.01735
13.0495
8.58958
13.5958
9.15925
14.1515
9.7342
14.7068
10.3083
15.2378
10.8637
15.6993
11.3649
16.0054
11.7433
15.9746
11.8527
15.1183
11.2964
12.4824
6.55133
13.8193
7.25376
13.9692
7.57042
14.1162
7.88247
14.2506
8.185
14.3572
8.46862
14.4122
8.71651
14.3795
8.90146
14.205
8.98095
13.8088
8.89053
13.1934
8.6238
13.7952
5.92789
15.2719
6.56308
15.1678
6.72638
15.0509
6.87921
14.9063
7.01482
14.7155
7.12313
14.4547
7.18946
14.0935
7.19312
13.5936
7.10593
12.914
6.8956
12.0352
6.53462
15.246
5.36378
16.8776
5.93824
16.581
5.9865
16.2686
6.02424
15.9225
6.04428
15.5232
6.03783
15.0483
5.99372
14.4729
5.89794
13.7706
5.73414
12.9179
5.48573
11.935
5.15446
16.8494
4.85334
18.6524
5.37294
18.2306
5.3408
17.7907
5.29868
17.313
5.24012
16.7768
5.15798
16.16
5.0441
15.439
4.88937
14.5915
4.68433
13.6002
4.4209
12.4906
4.10346
18.6215
4.39149
20.614
4.86147
20.1287
4.77037
19.6238
4.67031
19.0779
4.55575
18.469
4.42115
17.773
4.2609
16.9651
4.06956
16.0209
3.84251
14.9213
3.57682
13.6949
3.28098
20.5799
3.97358
22.7822
4.3987
22.3006
4.26265
21.799
4.11856
21.2545
3.96171
20.6431
3.78788
19.9376
3.59347
19.1078
3.3759
18.1212
3.13418
16.9472
2.86953
15.6084
2.59301
22.7443
3.59544
25.1786
3.97997
24.7826
3.80678
24.3676
3.62591
23.9116
3.43316
23.3886
3.22522
22.7673
2.99998
22.0094
2.75713
21.0679
2.49907
19.8807
2.23181
18.4301
1.97125
25.1012
3.24877
27.7649
3.59323
27.5684
3.3812
27.3634
3.1608
27.1315
2.9272
26.8474
2.67717
26.4776
2.40918
25.9785
2.12414
25.2904
1.8269
24.3263
1.52959
22.9234
1.26353
9.36296
8.75295
10.3582
9.68349
11.4476
10.7019
12.6516
11.8275
13.9822
13.0714
15.4527
14.4461
17.0779
15.9654
18.874
17.6445
20.8589
19.5002
23.0526
21.551
25.4416
23.7847
10.3621
7.93112
11.4747
8.78294
12.6822
9.70693
14.0159
10.7278
15.4899
11.856
17.1189
13.1028
18.9192
14.4808
20.9089
16.0037
23.1079
17.6867
25.5381
19.5466
28.1486
21.5445
11.4519
7.17638
12.6784
7.94583
12.8392
8.28525
13.008
8.61452
13.1789
8.92728
13.3403
9.21227
13.4713
9.45038
13.5378
9.61153
13.4859
9.64969
13.2334
9.49577
12.7716
9.13982
12.6562
6.49345
14.0099
7.18873
13.7074
7.23016
13.4426
7.27934
13.21
7.32697
13.0074
7.36631
12.8355
7.39254
12.7002
7.40466
12.6208
7.41258
12.6605
7.46188
12.936
7.64366
13.9873
5.87551
15.4826
6.50421
14.9575
6.43786
14.4764
6.37839
14.0416
6.3218
13.6578
6.26566
13.3339
6.21025
13.0849
6.16038
12.936
6.12862
12.92
6.13451
13.0498
6.1853
15.4584
5.31638
17.1105
5.88501
16.4175
5.75869
15.7802
5.64266
15.2062
5.53621
14.7063
5.44028
14.296
5.35834
13.996
5.29736
13.8333
5.26851
13.8378
5.28628
14.0316
5.36398
17.0841
4.81046
18.9099
5.32484
18.1012
5.17688
17.3569
5.04053
16.6883
4.91751
16.1099
4.81062
15.6402
4.72426
15.3023
4.66476
15.1233
4.64016
15.1307
4.65896
15.3364
4.72431
18.8809
4.35269
20.8986
4.81803
20.0071
4.66361
19.187
4.5216
18.4515
4.39521
17.8165
4.28824
17.3021
4.20534
16.9332
4.15185
16.7391
4.1334
16.7497
4.15496
16.9801
4.21767
20.8666
3.93847
23.0967
4.35946
22.159
4.20316
21.2986
4.05959
20.5279
3.93299
19.8625
3.82782
19.3222
3.74877
18.9324
3.70042
18.7246
3.6866
18.7366
3.70949
18.9909
3.7673
23.0612
3.56368
25.5263
3.94451
24.6025
3.78197
23.7603
3.63222
23.0099
3.50032
22.3648
3.39132
21.842
3.31025
21.463
3.26176
21.2556
3.24923
21.2607
3.27321
21.5317
3.32803
25.4508
3.22007
28.1501
3.56136
27.3806
3.37188
26.7004
3.19485
26.1207
3.03525
25.6542
2.89832
25.3145
2.78954
25.1165
2.71447
25.0758
2.67824
25.2069
2.68468
25.5362
2.7314
9.50512
8.68235
10.5155
9.60539
11.6214
10.6156
12.8437
11.7321
14.1945
12.9659
15.6873
14.3296
17.3372
15.8366
19.1605
17.5022
21.1757
19.3429
23.4026
21.3772
25.8279
23.5928
10.5194
7.86715
11.6488
8.71202
12.8748
9.62866
14.2288
10.6413
15.7252
11.7604
17.379
12.9972
19.2067
14.3641
21.2267
15.8748
23.459
17.5443
25.926
19.3892
28.5759
21.3709
11.6257
7.11849
12.8702
7.88129
12.7978
8.07067
12.7264
8.24243
12.6455
8.38776
12.5406
8.49417
12.3911
8.54412
12.1688
8.5135
11.8357
8.37011
11.3489
8.07682
10.6777
7.60404
12.8484
6.44108
14.2219
7.13029
13.7517
7.05256
13.3201
6.98365
12.9268
6.91999
12.5734
6.85981
12.2657
6.80441
12.0153
6.76
11.8444
6.74101
11.7847
6.76943
11.8533
6.85472
14.1997
5.82813
15.7172
6.45147
15.1358
6.33562
14.5952
6.22617
14.1003
6.12389
13.6562
6.02991
13.2689
5.94613
12.9449
5.87503
12.6883
5.81708
12.493
5.76417
12.3484
5.70246
15.6931
5.27351
17.3701
5.83743
16.6942
5.70899
16.0671
5.58886
15.4959
5.47879
14.9876
5.38073
14.5493
5.29665
14.1868
5.228
13.9038
5.17466
13.7032
5.13535
13.5931
5.11077
17.3435
4.77166
19.1969
5.2819
18.4501
5.16598
17.7574
5.0576
17.1269
4.95858
16.5661
4.87052
16.0821
4.79458
15.6798
4.73115
15.3626
4.6796
15.1325
4.6383
14.9957
4.60631
19.1676
4.31758
21.2159
4.77926
20.3995
4.67955
19.6423
4.58652
18.9527
4.50155
18.3388
4.4257
17.8079
4.3596
17.366
4.30331
17.0172
4.25645
16.7646
4.21875
16.617
4.19147
21.1835
3.90671
23.4473
4.32446
22.5664
4.23883
21.7498
4.15906
21.0053
4.08611
20.341
4.0207
19.7647
3.96305
19.2838
3.913
18.9049
3.87022
18.6322
3.83495
18.4711
3.80914
23.4113
3.53493
25.9135
3.9129
24.9988
3.83339
24.1522
3.75921
23.3796
3.69136
22.6872
3.63055
22.0814
3.5771
21.5693
3.5309
21.1592
3.49161
20.861
3.45921
20.6849
3.43558
25.8373
3.1941
28.5773
3.53275
27.7783
3.43214
27.0528
3.33654
26.4065
3.24697
25.8439
3.16436
25.368
3.08955
24.9797
3.02342
24.6768
2.96727
24.4542
2.92331
24.3034
2.89584
9.66224
8.61848
10.6893
9.53472
11.8135
10.5375
13.056
11.6458
14.4291
12.8705
15.9466
14.2242
17.6237
15.7201
19.4772
17.3734
21.5257
19.2006
23.7895
21.2199
26.2549
23.4193
10.6933
7.80927
11.8412
8.64786
13.0876
9.55782
14.464
10.563
15.9852
11.6739
17.6663
12.9016
19.5243
14.2585
21.5776
15.758
23.8469
17.4153
26.3547
19.2468
29.0484
21.2137
11.8179
7.06612
13.0824
7.82301
12.8061
7.90361
12.5332
7.96426
12.252
7.99503
11.9488
7.98395
11.6069
7.91604
11.2057
7.77285
10.7219
7.53285
10.1319
7.17352
9.44302
6.69458
13.0608
6.39369
14.4565
7.07759
13.8371
6.93626
13.2669
6.80743
12.7506
6.69093
12.2954
6.58856
11.9128
6.50492
11.6196
6.44855
11.4391
6.43262
11.3991
6.47403
11.5245
6.5877
14.4344
5.78525
15.9768
6.40393
15.3122
6.27562
14.6968
6.15521
14.1372
6.04453
13.6405
5.94545
13.2139
5.8597
12.8647
5.78821
12.5982
5.73007
12.4187
5.68288
12.3334
5.64633
15.9525
5.23471
17.6571
5.7945
16.9221
5.67332
16.2436
5.56093
15.6287
5.45899
15.0851
5.36917
14.6211
5.2931
14.246
5.23231
13.9704
5.18892
13.8083
5.16681
13.7742
5.17044
17.6302
4.73656
19.5141
5.2431
18.714
5.14183
17.9756
5.04796
17.3064
4.96276
16.7145
4.88745
16.2085
4.82322
15.7984
4.77136
15.4952
4.73341
15.3117
4.71111
15.2601
4.70591
19.4844
4.28582
21.5665
4.74418
20.6877
4.66001
19.8768
4.58226
19.1419
4.51176
18.4916
4.44939
17.9359
4.3962
17.4856
4.35346
17.1533
4.32276
16.9533
4.30589
16.9005
4.30443
21.5336
3.87797
23.8347
4.29273
22.8675
4.22253
21.975
4.15793
21.1658
4.09948
20.4496
4.04784
19.8376
4.00385
19.3421
3.96859
18.977
3.94339
18.7572
3.92964
18.6984
3.92833
23.7983
3.50893
26.3416
3.88421
25.2971
3.82228
24.3333
3.76549
23.4574
3.71444
22.6787
3.66985
22.0083
3.63254
21.4603
3.60342
21.0515
3.58343
20.8018
3.5733
20.7335
3.57323
26.2643
3.1706
29.0494
3.50681
28.0839
3.42609
27.2038
3.35041
26.4161
3.28059
25.7284
3.21769
25.1485
3.1631
24.6849
3.11856
24.347
3.08608
24.1452
3.06769
24.0942
3.06459
9.83588
8.56068
10.8814
9.47077
12.0258
10.4668
13.2906
11.5677
14.6884
12.7842
16.2332
14.1288
17.9405
15.6147
19.8273
17.2569
21.9125
19.0718
24.217
21.0776
26.7267
23.2622
10.8855
7.7569
12.0539
8.58982
13.3228
9.49373
14.7239
10.4922
16.2725
11.5956
17.9838
12.8151
19.8752
14.1629
21.9655
15.6524
24.2756
17.2986
26.8285
19.1178
29.5705
21.0715
12.0303
7.01873
13.3171
7.77034
12.8836
7.77673
12.4569
7.76178
12.0254
7.71567
11.5765
7.62738
11.096
7.48418
10.5685
7.2717
9.97785
6.97445
9.31047
6.57767
8.57863
6.08422
13.2955
6.35081
14.716
7.03001
13.9918
6.86287
13.3245
6.71001
12.7227
6.5738
12.1968
6.45804
11.7607
6.36863
11.4316
6.31397
11.2305
6.30477
11.1796
6.35274
11.2928
6.46307
14.6938
5.74645
16.2637
6.36099
15.5386
6.24344
14.8677
6.13308
14.2582
6.03184
13.7173
5.94132
13.2521
5.86248
12.8683
5.79527
12.5711
5.73828
12.3641
5.68892
12.2537
5.64538
16.2392
5.1996
17.9742
5.75569
17.186
5.6523
16.4588
5.5565
15.7998
5.46958
15.2167
5.39283
14.7178
5.32755
14.3124
5.27521
14.0108
5.23769
13.8245
5.21719
13.7657
5.2156
17.9471
4.70479
19.8646
5.20799
19.0086
5.12389
18.2191
5.04598
17.5035
4.97518
16.8699
4.9124
16.3272
4.85854
15.8846
4.8145
15.552
4.78105
15.3398
4.75869
15.2596
4.74801
19.8346
4.25707
21.9538
4.71241
21.0104
4.6421
20.1403
4.57722
19.3518
4.51837
18.6537
4.46622
18.0558
4.4215
17.5683
4.38497
17.2025
4.35745
16.9706
4.3398
16.8863
4.33309
21.9206
3.85196
24.2627
4.26398
23.2145
4.20515
22.2476
4.15107
21.3716
4.10214
20.5965
4.05882
19.9331
4.02159
19.3931
3.991
18.9886
3.96765
18.7323
3.95226
18.6383
3.94579
24.226
3.48539
26.8146
3.85821
25.6575
3.80805
24.5893
3.76223
23.6187
3.72116
22.7564
3.68525
22.0142
3.65484
21.4061
3.63025
20.9477
3.61173
20.6562
3.59958
20.5497
3.59448
26.7363
3.14934
29.5713
3.48331
28.461
3.4159
27.4448
3.35288
26.5312
3.29495
25.7289
3.24293
25.0468
3.19768
24.4944
3.16018
24.0817
3.1315
23.8202
3.11281
23.7238
3.10541
10.0278
8.50838
11.0937
9.41292
12.2605
10.4029
13.5499
11.497
14.975
12.7061
16.5499
14.0424
18.2905
15.5193
20.2141
17.1515
22.34
18.9553
24.6895
20.9488
27.2481
23.1201
11.0978
7.70951
12.289
8.53731
13.5827
9.43573
15.0112
10.4281
16.5899
11.5248
18.3347
12.7369
20.263
14.0764
22.394
15.5568
24.7492
17.193
27.3519
19.001
30.1475
20.9428
12.265
6.97585
13.5766
7.72274
13.0202
7.67887
12.4753
7.61296
11.9303
7.5156
11.3736
7.37671
10.7931
7.18535
10.1766
6.92984
9.51257
6.59842
8.79222
6.18033
8.03372
5.68242
13.5549
6.31201
15.0028
6.98702
14.1917
6.81166
13.4447
6.65163
12.7729
6.51076
12.1888
6.39394
11.7075
6.30746
11.3469
6.25908
11.1271
6.25766
11.0686
6.31203
11.185
6.42569
14.9805
5.71134
16.5808
6.32217
15.7908
6.22006
15.0605
6.12422
14.3971
6.03615
13.8081
5.95695
13.3006
5.88704
12.8814
5.82599
12.5565
5.77255
12.3324
5.72507
12.219
5.68376
16.556
5.16784
18.3247
5.72058
17.4666
5.63302
16.6754
5.55211
15.9585
5.47874
15.3241
5.41391
14.7814
5.35879
14.3407
5.31486
14.0138
5.28397
13.8139
5.26834
13.7549
5.26996
18.2972
4.67605
20.252
5.17622
19.3175
5.10473
18.4561
5.03868
17.6757
4.97874
16.9849
4.92561
16.3931
4.88002
15.9109
4.84271
15.5496
4.81439
15.3215
4.7958
15.2406
4.78785
20.2215
4.23107
22.3819
4.68365
21.3501
4.62213
20.399
4.56549
19.5373
4.5142
18.7746
4.46881
18.1214
4.42993
17.5892
4.39832
17.1912
4.37481
16.9417
4.3604
16.8567
4.35614
22.3483
3.82843
24.7358
4.23795
23.5859
4.18531
22.5258
4.13696
21.5657
4.09324
20.7165
4.05455
19.9899
4.02134
19.3987
3.99422
18.957
3.97387
18.68
3.9611
18.5848
3.95678
24.6986
3.4641
27.3374
3.83466
26.0543
3.79056
24.8697
3.75035
23.7937
3.71433
22.8383
3.6828
22.0174
3.6561
21.3466
3.6346
20.8434
3.6187
20.5272
3.6089
20.4184
3.60576
27.258
3.1301
30.148
3.46204
28.883
3.40175
27.7228
3.34547
26.6775
3.29385
25.7575
3.24765
24.9735
3.20769
24.3373
3.17491
23.8625
3.15034
23.5643
3.13503
23.4617
3.12996
10.2399
8.46106
11.3283
9.36056
12.5198
10.345
13.8365
11.433
15.2917
12.6355
16.8999
13.9643
18.6773
15.433
20.6416
17.0561
22.8125
18.8499
25.2117
20.8323
27.8244
22.9915
11.3325
7.66663
12.5489
8.48981
13.87
9.38326
15.3287
10.3701
16.9408
11.4607
18.7225
12.666
20.6915
13.9981
22.8677
15.4703
25.2727
17.0974
27.9304
18.8954
30.7851
20.8263
12.5244
6.93705
13.8635
7.67971
13.2164
7.60373
12.5858
7.50527
11.9601
7.37531
11.3286
7.20458
10.68
6.98336
10.0038
6.70172
9.29019
6.35001
8.53196
5.9197
7.74961
5.41951
13.8416
6.2769
15.3199
6.94814
14.4343
6.77291
13.6195
6.61344
12.8879
6.47437
12.2533
6.36113
11.7314
6.28004
11.3402
6.23825
11.0994
6.24329
11.0299
6.30242
11.1449
6.41717
15.2973
5.67958
16.9313
6.28704
16.0714
6.19964
15.2768
6.11754
14.5551
6.04183
13.9138
5.97313
13.3606
5.91151
12.9028
5.85635
12.5481
5.80658
12.3044
5.76101
12.1823
5.71997
16.9062
5.13909
18.7121
5.68881
17.7719
5.61424
16.9053
5.54553
16.1202
5.48331
15.4256
5.42837
14.8315
5.38176
14.3491
5.34483
13.9911
5.31928
13.7713
5.30695
13.7046
5.30931
18.6842
4.65004
20.6801
5.14747
19.6518
5.0859
18.7042
5.02919
17.846
4.97783
17.0866
4.93236
16.4363
4.89334
15.9063
4.86131
15.509
4.83681
15.2576
4.8204
15.1672
4.81281
20.6492
4.20753
22.855
4.65763
21.7183
4.60311
20.6709
4.55302
19.7221
4.50773
18.8826
4.46771
18.1636
4.43347
17.5779
4.40562
17.1395
4.38486
16.8639
4.37201
16.7684
4.36793
22.8209
3.80713
25.2586
4.2144
23.9914
4.1668
22.8237
4.12312
21.7666
4.08367
20.8315
4.04878
20.0312
4.01884
19.3798
3.99435
18.8924
3.9759
18.586
3.96414
18.4788
3.95983
25.221
3.44484
27.9152
3.81335
26.495
3.77405
25.1841
3.73834
23.9933
3.70637
22.9363
3.67835
22.0287
3.65456
21.2879
3.63531
20.7324
3.62095
20.3828
3.61189
20.2609
3.60869
27.8345
3.11269
30.7854
3.4428
29.3561
3.38801
28.0448
3.33692
26.8627
3.29011
25.8217
3.24833
24.9338
3.21228
24.2125
3.18276
23.6732
3.1606
23.3337
3.14664
23.2149
3.14173
10.4743
8.41824
11.5877
9.3132
12.8064
10.2927
14.1532
11.3752
15.6417
12.5715
17.2868
13.8937
19.1049
15.3549
21.1141
16.9698
23.3347
18.7545
25.7888
20.7269
28.4613
22.8751
11.5919
7.62782
12.8361
8.44683
14.1875
9.33577
15.6796
10.3176
17.3286
11.4027
19.151
12.6019
21.1651
13.9273
23.3911
15.392
25.8511
17.0108
28.5697
18.7998
31.4897
20.7209
12.8111
6.90194
14.1807
7.6408
13.4764
7.54706
12.7935
7.4302
12.1207
7.28179
11.4472
7.09309
10.7624
6.85515
10.0559
6.55909
9.31785
6.1966
8.53833
5.75974
7.73293
5.25689
14.1584
6.24513
15.6704
6.91298
14.7232
6.74091
13.8531
6.58439
13.073
6.44867
12.3972
6.3395
11.8415
6.26323
11.4235
6.22663
11.1624
6.23636
11.0791
6.2984
11.1922
6.41416
15.6475
5.65083
17.3187
6.25526
16.3866
6.17946
15.5262
6.10804
14.7448
6.04185
14.0499
5.98132
13.4496
5.92633
12.952
5.87618
12.5658
5.82978
12.3013
5.78614
12.1713
5.74586
17.2931
5.11308
19.1402
5.66005
18.1099
5.59589
17.1606
5.53685
16.3004
5.48344
15.5387
5.43638
14.8864
5.39661
14.356
5.36539
13.9614
5.3442
13.7185
5.33468
13.6441
5.33811
19.1119
4.62651
21.1532
5.12144
20.0191
5.06863
18.9742
5.02005
18.0272
4.97612
17.1885
4.93727
16.4694
4.90394
15.8827
4.87655
15.4425
4.8555
15.164
4.84126
15.0644
4.83452
21.1219
4.18624
23.3778
4.63408
22.1216
4.58681
20.9636
4.5434
19.9137
4.50418
18.9836
4.46952
18.1861
4.43987
17.5358
4.41578
17.0489
4.39786
16.7428
4.38684
16.6371
4.38349
23.3433
3.78787
25.8365
4.19309
24.4358
4.15171
23.1447
4.11377
21.9741
4.07946
20.937
4.04905
20.0486
4.02294
19.3248
4.00157
18.7832
3.98547
18.4427
3.97524
18.3241
3.97155
25.7983
3.4274
28.5537
3.79407
26.9831
3.76099
25.5305
3.73098
24.2083
3.7039
23.0347
3.68012
22.0273
3.65991
21.2054
3.64354
20.5896
3.63131
20.2024
3.62363
20.0678
3.62099
28.4716
3.09693
31.4898
3.42538
29.8837
3.37755
28.404
3.33203
27.0732
3.29049
25.9013
3.25343
24.9017
3.2215
24.0893
3.1954
23.4818
3.17585
23.0996
3.16359
22.9664
3.15935
10.7258
8.37368
11.8599
9.25912
13.1072
10.2329
14.4857
11.3091
16.0092
12.4985
17.6929
13.813
19.5536
15.2657
21.6101
16.8712
23.8829
18.6456
26.3946
20.6065
29.1503
22.758
11.862
7.58213
13.1224
8.38788
14.5032
9.27033
16.0285
10.2453
17.7142
11.3228
19.5772
12.5136
21.6361
13.8297
23.9116
15.2842
26.4263
16.8916
29.2055
18.6681
32.2339
20.6036
13.1096
6.86059
14.4997
7.58856
13.7817
7.48352
13.09
7.35556
12.4129
7.19593
11.7396
6.99594
11.0597
6.74691
10.3627
6.44046
9.63847
6.06915
8.87803
5.62862
8.07481
5.12446
14.4883
6.20772
16.0238
6.86606
15.0491
6.68992
14.1565
6.52963
13.3594
6.39035
12.672
6.27787
12.1102
6.19858
11.6912
6.15935
11.4334
6.16723
11.3551
6.22829
11.472
6.34389
16.0121
5.61698
17.7092
6.21274
16.7342
6.13594
15.8359
6.06341
15.0221
5.99592
14.3007
5.93384
13.6795
5.87708
13.1668
5.82512
12.7709
5.77719
12.5012
5.73262
12.3691
5.69201
17.6961
5.08245
19.5717
5.62155
18.4807
5.5561
17.4765
5.49573
16.5681
5.44098
15.7654
5.39258
15.0796
5.35155
14.5232
5.31926
14.1102
5.2973
13.8559
5.28733
13.7775
5.2906
19.5572
4.59879
21.63
5.0866
20.4182
5.03202
19.3023
4.98169
18.2924
4.93608
17.3996
4.89569
16.6356
4.861
16.0134
4.83248
15.5469
4.81061
15.252
4.79588
15.1466
4.78895
21.614
4.16116
23.9049
4.60255
22.5538
4.55298
21.309
4.50733
20.1824
4.46603
19.1863
4.42952
18.334
4.39833
17.64
4.37301
17.1207
4.35423
16.7943
4.3427
16.6812
4.33916
23.8872
3.76517
26.4189
4.16456
24.9049
4.12041
23.5109
4.07977
22.25
4.04298
21.1364
4.01046
20.1845
3.98263
19.4102
3.95993
18.831
3.9429
18.4668
3.93212
18.3397
3.92823
26.3994
3.40687
29.1974
3.76825
27.4929
3.73235
25.915
3.69892
24.4894
3.66917
23.2293
3.64319
22.1509
3.6212
21.2726
3.60347
20.6152
3.59028
20.2017
3.58203
20.0578
3.57918
29.1554
3.08052
32.2339
3.40586
30.4147
3.35028
28.7976
3.30134
27.3539
3.25712
26.089
3.21799
25.0128
3.18447
24.1398
3.15719
23.4873
3.13685
23.0768
3.12413
22.9334
3.11972
